0.6494135
0.7736969
0.6685658
0.5766562
0.7194381
0.6472961
0.8222926
0.7082536
0.7493419
1.125485
0.9201035
0.8301767
0.6581606
0.5983858
0.909199
0.8290952
0.9456772
0.8493617
0.8720885
0.8295486
0.6302206
0.9038103
0.7636272
0.6807929
0.8694746
0.7980669
0.8656612
0.6674714
0.5322282
0.9264319
0.430535
0.761511
0.7860429
0.5270337
0.6911913
0.608441
0.8289729
0.7331277
0.9360136
1.01854
0.8051052
0.8249489
0.8026383
0.7726979
1.101295
1.07046
1.135336
0.8472419
1.178655
0.8960198
0.6358403
0.8385667
1.03129
0.5814363
1.085369
0.6698286
0.7936504
1.207979
1.075369
0.6769467
0.5951475
0.9216215
0.575751
0.8117382
0.7648328
0.6323539
0.8688049
0.7855465
0.7254406
0.7765367
0.6797384
1.007431
0.844481
0.8768724
0.6965686
0.7010979
0.6744008
0.7942736
1.001515
1.225579
0.7371897
0.8237445
0.7497223
0.985818
0.7897252
0.773616
0.9785665
0.6292039
0.6202615
0.5346655
0.5300163
0.6044102
0.9355299
0.7723359
0.9328405
0.7430662
0.8364423
0.6977517
0.944575
0.3965634
0.7105023
1.086731
0.5392051
0.7821587
0.6899865
0.8395826
1.089051
0.9232827
0.7301954
0.7539898
0.6281227
0.7617655
0.7160782
0.6176071
0.6980466
0.8459779
0.842061
0.9452316
0.9427474
0.8191812
0.5343407
0.7848686
0.6550651
1.121159
0.8315263
0.9974545
0.4691585
0.5868353
0.9796104
0.8354192
0.665988
0.6740018
0.6936404
0.7525431
0.9607474
0.7567166
0.6418168
0.7113142
0.7893573
0.7540401
0.9539822
0.7659174
0.8389169
0.5263463
0.9138174
0.7627419
0.8559836
0.7281232
1.15581
0.6324323
1.206934
0.9500258
0.7126195
1.272522
0.7167414
0.8347324
1.051579
0.7178883
0.7161165
1.231288
0.8143806
0.8694518
0.8466719
0.9979898
0.7860041
0.7814734
0.925937
0.8740035
0.5462969
0.7602373
0.8995278
0.6965876
0.7521553
0.5507237
0.7344483
0.6593144
0.638219
0.5119908
0.568843
0.8403017
0.811776
1.040472
0.68943
0.8823135
0.9728263
0.6887768
0.9251234
0.8569165
0.6281066
1.005178
0.6061446
0.8170085
0.7067894
0.8249018
0.7488101
0.8373317
1.175667
0.8440554
0.7959728
0.7503692
0.7161138
0.9780955
0.9879171
0.6750475
0.9704584
0.6761088
0.7127146
0.5292092
0.7225975
0.9403083
0.6254868
0.9547025
0.7888405
0.5906076
0.8470029
0.6563504
0.8161542
0.662094
1.070385
0.8740866
0.5880489
0.7588872
0.9576892
0.7197764
0.9176035
0.8368985
0.803908
0.7567349
0.5679404
0.6649462
0.842673
0.8870505
0.9515569
0.7828298
0.9825437
0.6470685
0.8852963
0.754309
0.6670962
0.6247765
0.4893611
0.8198572
0.7704491
0.7867976
1.194334
0.9009439
0.6268223
0.7701025
0.6527425
0.670618
0.6179775
0.7390559
1.090612
0.785911
0.6476036
0.8955831
0.7099334
0.9720609
0.7510438
0.6796699
0.9401154
0.7343113
1.164092
0.9578511
0.8992724
0.9670701
0.8715583
0.7680631
0.6540888
0.82142
1.002125
0.8145511
0.7501496
0.889756
0.5530419
0.736142
0.9181295
0.9117512
0.6673347
0.7022664
0.7778881
1.088466
0.7489742
0.763989
1.484666
0.8575987
0.7728066
0.8451343
0.8900551
0.7577092
0.5594355
0.6284965
0.8397149
0.6090354
0.9593449
0.8744035
0.8313307
0.7500277
0.583544
0.9748983
0.8131781
1.320548
0.7598222
0.7681452
0.779122
0.7822743
0.7201277
0.9029634
1.07524
1.37863
0.976994
0.8969278
0.8056619
0.7556697
0.8207043
0.5928691
0.5468057
0.665538
0.7527549
0.8551045
0.8857025
0.9182638
0.9490999
0.7505782
0.9715698
0.9694201
0.539687
0.7697209
0.8049477
1.169098
1.210786
0.6242329
0.6395537
0.6340889
0.7857695
1.080708
0.8057031
0.6326946
0.9062461
0.8308913
1.034973
0.6663308
0.6016392
0.9497071
0.7829593
0.8760136
0.7097966
1.311748
0.8561354
0.9546136
0.7354031
0.910746
1.152451
0.7905304
1.133757
0.7722126
0.83715
1.089171
0.7031904
0.8626506
0.9810856
0.6265213
0.7356166
1.047817
0.7892916
0.7147768
0.5246388
0.8343582
0.8308587
0.8281261
0.8867743
0.688979
0.6851527
0.9194705
0.5933051
0.7616779
0.6711015
0.6769889
0.6756387
0.7444929
1.004749
0.7659505
0.6239882
0.650487
0.8482563
0.72137
0.8567273
0.8587043
0.8502713
1.10027
1.362108
0.4591816
0.8282586
0.8910182
0.9477778
0.8954412
0.998833
0.5753406
0.8007468
0.8428867
0.9457106
0.8736547
0.8604163
0.8636042
0.8413526
0.6858928
0.8766331
0.9425372
0.8825395
0.7749063
1.172386
1.09989
0.6873784
0.6450175
0.7862367
0.7849467
0.6008451
0.5691281
1.048532
0.7110703
0.6862979
1.002716
0.7403916
0.6883414
0.8836442
0.9482274
0.6912489
0.5754566
0.9371917
0.6779923
0.7532403
0.6439831
0.9033741
0.5963208
0.8451753
0.7974907
0.7620583
0.6441569
0.9004539
0.7328474
0.6689994
0.7192599
0.5252606
0.7887413
0.6096658
0.6838253
0.8782093
1.134571
1.031132
0.8167928
0.7132316
0.9904468
0.9263369
0.7083747
0.8324141
0.7813867
0.6821554
0.9304494
0.6945145
0.6205796
0.8522148
0.9535835
0.9305457
0.8898108
0.5765275
0.6118434
0.8101563
0.7958312
0.7951718
1.112521
0.5928624
0.6970792
0.6846862
0.8564834
1.105345
0.730755
0.7795505
0.7119768
0.9537554
0.5672679
0.6814321
0.7916956
0.9553128
0.6589387
0.7523089
0.9642892
0.6297993
0.7502388
0.900735
0.8833266
0.6645344
0.7803826
1.111866
0.8603533
0.7499222
0.6388289
0.8545054
0.9092096
0.6253295
0.6975938
0.5755409
0.9910641
0.8355636
1.198482
0.9061193
0.9958951
0.9441715
0.7139379
0.7644285
0.8281501
0.9835064
0.9060553
0.693955
0.7863978
0.4243729
1.140099
0.8740461
0.7728355
0.9385063
0.7806598
0.7290257
0.5689423
0.4801151
0.7044001
0.719319
0.7432553
0.6652345
0.962149
0.6840224
0.7382502
1.224083
0.5919063
0.9924421
0.7373217
1.003456
0.7845826
0.667932
0.7213529
0.7934352
0.8772181
0.653986
0.622481
0.8114516
0.7875033
0.8363721
0.9887784
0.7262606
1.055764
0.7376016
1.122618
0.9114712
0.9482468
1.148076
0.7953489
1.113231
0.6995827
0.6285292
0.6695314
0.7917589
0.649957
0.7403054
0.8292341
0.8659916
0.8420332
0.9609093
0.9465205
0.7193597
0.8075982
0.802494
0.4524214
0.6475821
0.6529486
1.335896
0.8902119
0.5901688
0.8620096
0.7568936
0.8322064
0.9671345
0.8616595
0.7352964
0.6916683
0.6730773
0.651756
0.8273439
0.7867035
0.5916317
0.6273022
0.563724
0.6270566
0.7679075
0.7968416
0.9461921
0.682899
0.6458103
0.6057145
0.8017764
0.7833675
0.8021819
0.6786194
0.6095996
0.5997271
0.5543076
0.8506142
0.8577857
1.008392
0.7562324
0.7927638
0.6010453
0.8483468
0.8956787
0.8939431
0.8398314
0.8080852
0.6055183
0.8130646
0.9557344
0.9290422
0.813029
0.8338575
1.030637
0.9054514
0.9226304
0.6883952
1.089144
0.745417
0.8701435
0.6653305
0.8755496
1.115622
0.7231996
0.7227311
0.8189503
0.8656477
0.6791201
0.7139964
0.7204996
0.7559825
0.8231458
0.5825282
0.5303157
0.7184171
0.6732938
0.7147699
1.051047
1.004171
0.6950575
0.6253455
0.8744419
0.4665315
0.6789011
0.9588981
0.8237531
0.9043655
0.9512058
0.7698039
0.6882146
0.7875697
0.6676372
0.7646901
0.6762052
0.5991239
0.5888767
0.6422359
0.8320993
0.6343283
0.9103273
0.7394036
0.7365133
0.9538275
0.9075731
1.006648
0.7369383
0.6577745
0.7405468
0.7211987
1.056721
0.8162063
0.6159893
0.9911831
1.12397
0.87956
0.7215394
0.7753726
0.8144012
0.7502225
1.341059
0.9260343
0.8493403
0.7250442
0.6278
0.8887113
0.8517211
0.6415734
0.8596471
0.7773077
0.7582172
0.7827983
0.7298897
1.020704
0.6129886
0.5484465
1.075697
0.8215322
0.9599381
0.7919384
0.6822144
0.6701908
0.7185055
0.5985862
0.6652547
0.7569161
0.6750222
0.8565914
0.6085438
0.8402225
0.6572326
1.220602
0.9297027
0.7486786
0.8711245
1.039216
0.8073404
1.067496
0.7317208
0.6692412
0.8534127
0.8967591
0.8014905
0.7084469
0.8881687
0.7350178
0.6778721
0.8491907
1.036584
0.6700532
0.8354677
0.7326462
0.8318799
0.4958201
0.613813
0.8797204
0.6812764
0.608842
0.820933
0.6603104
0.6282947
0.8912321
1.054103
0.9570673
0.6821164
0.5032246
0.9407373
0.7883319
0.7923855
0.7851885
0.8664241
0.800001
0.7056381
0.9342211
0.8135477
0.8027917
0.6209381
0.5841468
0.769755
0.8203493
0.9393235
1.037295
0.9919074
0.8176302
0.7127819
0.7297475
0.4658998
0.6161732
0.7956394
1.009561
0.918073
0.7344447
1.014866
0.9734435
0.8447267
1.060572
0.7683363
0.7286833
0.6399918
0.7917169
0.6382753
0.6757048
0.6497897
0.660308
0.6565957
0.9460078
0.9389905
0.768773
0.7447414
0.9934354
0.7557488
0.7014454
0.6679248
1.10302
0.7560697
0.6756274
0.8183606
0.6314125
0.9286115
1.05729
0.8113061
0.8151711
0.9992426
0.7898529
0.7581394
0.7099784
0.8274721
1.026961
0.8017118
0.7996237
0.7607788
0.7679198
0.9685798
0.9119076
0.7144309
0.764752
0.6598512
0.6956642
0.9976059
0.8900159
0.7682269
0.5212914
0.6476364
0.5643422
0.5806491
0.7080499
0.72461
0.7993486
0.9005864
0.903212
0.6408596
0.685513
0.6057516
0.7369249
0.7970552
0.7810977
0.8334039
0.662121
0.7094515
0.7755183
0.5065364
0.5468398
0.9779013
0.6448104
0.7503704
0.6652062
0.9861953
0.8841017
1.225477
0.822334
0.7646581
1.075098
0.9898794
0.6954469
0.8593767
0.7621078
0.8368369
0.9013788
1.020003
1.312267
0.7876026
0.754283
0.8969194
1.008451
0.700229
0.7243768
0.539428
0.7584836
0.5484391
0.8950499
0.8054905
0.8511831
0.8436307
0.9597445
1.074229
0.7111027
0.7835322
0.6811671
0.774059
0.9587465
0.788461
0.8212757
0.8791967
0.923336
0.8841311
0.8416201
0.9183647
0.7661658
0.65991
0.937038
0.6909328
0.8889172
0.8213938
0.7562133
0.7028335
0.794372
0.6956153
0.8152923
0.681165
0.755695
0.8593275
0.8318184
0.8364167
0.9531741
0.7344291
0.7511675
0.7513291
0.7367827
0.8044167
0.8793577
0.7495368
1.124169
1.069321
0.8540056
0.8248939
0.8922529
0.5334017
0.9184917
0.9290081
0.8265179
0.6474271
0.9100291
0.8982096
0.6089983
0.7497916
0.7464576
0.8570154
0.7349573
0.7645041
0.6230327
0.7242276
0.6769018
0.9400706
0.6305201
0.6670084
0.5461813
0.5596612
0.5922425
0.8263566
0.6069194
0.7098738
0.8409928
1.007583
0.8894247
0.7940772
0.722551
0.8209209
0.4531781
0.6679839
0.9174938
0.9401482
0.8174072
0.90797
0.6688915
0.9310535
0.7112106
0.9576528
0.5963468
0.8953604
0.996668
1.336214
0.7264123
0.9323894
0.7284918
0.9315716
0.8746454
0.7085488
0.807861
0.7490283
0.8152205
0.9536571
0.8412996
0.9381895
0.8678748
0.8238333
0.733867
1.131536
0.7529276
1.014767
0.7883212
0.8027289
0.5930406
0.8012374
0.5602474
0.5111528
0.8881381
0.7013208
0.6736291
0.956777
0.6880757
0.8497633
0.7704743
0.6859667
0.7431849
