0.250287
0.2492744
0.2668591
0.2614434
0.249973
0.3152782
0.2715311
0.3069404
0.2138125
0.2195503
0.2424814
0.1957441
0.2943797
0.3415603
0.3145002
0.2242394
0.2579276
0.1873539
0.2100373
0.2729247
0.274025
0.265858
0.2659622
0.2840409
0.2804695
0.3232613
0.2682271
0.2635873
0.2723407
0.3132904
0.3404
0.3003122
0.2816069
0.4086037
0.4047331
0.2688565
0.2492148
0.2189021
0.2475429
0.3931187
0.3118899
0.2270833
0.2878499
0.318914
0.2780101
0.2593572
0.2726716
0.3381739
0.2200987
0.2371523
0.2560072
0.3799387
0.2859291
0.2294279
0.2331826
0.2333518
0.2374025
0.3365124
0.231502
0.272585
0.3181725
0.2643185
0.4016685
0.3448779
0.2701496
0.2557686
0.3169414
0.2898358
0.33508
0.3230001
0.2829285
0.3154745
0.307297
0.2531829
0.250266
0.3983622
0.3521327
0.3153298
0.2181144
0.2108485
0.2620165
0.2546919
0.3497282
0.1969729
0.207399
0.2090881
0.2419665
0.3020716
0.3884963
0.3447533
0.2484386
0.3056801
0.2080037
0.1630391
0.2714646
0.2925109
0.2642651
0.3165205
0.2773185
0.3971471
0.3240628
0.2853763
0.3364326
0.2553364
0.2768971
0.2883482
0.3631582
0.2674439
0.3100232
0.2518915
0.3140819
0.2241654
0.2959778
0.3611443
0.3613364
0.2357922
0.2624922
0.2317537
0.2468778
0.2561036
0.3109525
0.3753622
0.2781782
0.227661
0.260568
0.2588997
0.3115085
0.3672725
0.269602
0.3409626
0.296434
0.3048794
0.3628809
0.2791578
0.2679198
0.2410779
0.2681734
0.2664752
0.2779458
0.2879701
0.3356019
0.2386468
0.3366457
0.3708568
0.2918803
0.2159164
0.2572848
0.2753725
0.3522997
0.3095038
0.2330723
0.2901465
0.2630429
0.2920556
0.3876169
0.3421845
0.2655498
0.2397113
0.2579943
0.2396371
0.1923404
0.3062203
0.2586608
0.3173855
0.373815
0.3276528
0.2321327
0.2480643
0.2645376
0.2418522
0.2833702
0.3757813
0.2410104
0.3251042
0.2674813
0.4403163
0.3340648
0.2606566
0.3151495
0.2435547
0.2517614
0.2077585
0.2946539
0.2838121
0.2539622
0.2505353
0.278756
0.2755928
0.3003468
0.3283928
0.2679295
0.2029862
0.2245634
0.301577
0.2694736
0.2000282
0.2449811
0.2108678
0.320938
0.2965397
0.1881895
0.232875
0.2021215
0.3869243
0.2941809
0.3353104
0.3105931
0.3303806
0.2749677
0.2864852
0.2932603
0.2723347
0.3619297
0.4198303
0.2222687
0.3037981
0.3043096
0.2822657
0.3471019
0.40565
0.3181856
0.2916754
0.3255892
0.2880267
0.2994438
0.3345366
0.2442563
0.1772547
0.3447432
0.3722851
0.2449241
0.2143568
0.3692065
0.3309006
0.3799172
0.3658867
0.1856807
0.2711038
0.2255044
0.3885395
0.3607726
0.3830094
0.3087158
0.2414742
0.2343536
0.2310842
0.2743555
0.2922686
0.3335263
0.287202
0.2261338
0.3020084
0.2651551
0.2360362
0.3577015
0.315241
0.339908
0.2434491
0.3537034
0.2862952
0.3589531
0.2813647
0.2921037
0.2570916
0.2345181
0.2856445
0.3304568
0.263604
0.3162983
0.2598895
0.3233094
0.2507218
0.4910142
0.2100678
0.2547631
0.262597
0.2013804
0.2567092
0.2482513
0.2861387
0.2263795
0.2404601
0.2602754
0.1910917
0.2033955
0.2691719
0.3219803
0.3763235
0.2118753
0.1968122
0.3275302
0.3566628
0.3296628
0.3191927
0.2281594
0.2788057
0.3025879
0.2230919
0.233005
0.2390471
0.2436031
0.2470381
0.2916556
0.2674647
0.2815644
0.2263558
0.2793426
0.2853813
0.3195815
0.230159
0.2750331
0.2012778
0.2658717
0.3039751
0.3430325
0.4349389
0.488848
0.2183822
0.2305786
0.2769143
0.2533592
0.2173695
0.245698
0.2813603
0.2116676
0.2635176
0.3472866
0.1848267
0.2241926
0.2436154
0.2861883
0.3027228
0.1830148
0.3190579
0.2822061
0.2920328
0.2073854
0.3223642
0.3182104
0.2213475
0.3964678
0.2624619
0.2884435
0.2252061
0.2835468
0.2465401
0.2893567
0.2817519
0.2722941
0.2308951
0.3225347
0.3037413
0.2004323
0.2255598
0.1900402
0.2807231
0.2407894
0.2701511
0.2402268
0.2687994
0.2699215
0.2216282
0.2362413
0.3041333
0.2143125
0.2771864
0.2453432
0.2478408
0.2025776
0.2970989
0.2959075
0.3271957
0.3461329
0.3118668
0.3524615
0.2340412
0.3123389
0.2734332
0.2249168
0.2504313
0.3038481
0.226206
0.3177048
0.2409823
0.2454913
0.2429682
0.2949902
0.2208203
0.2620109
0.2111847
0.2854497
0.4153579
0.2502536
0.2748212
0.2410769
0.201997
0.2727878
0.2444783
0.3986205
0.2556556
0.2340628
0.2892386
0.4071931
0.2622316
0.267876
0.3264417
0.318236
0.3086365
0.260474
0.2368526
0.2522279
0.2227141
0.2800791
0.2820732
0.2886216
0.3936046
0.2929978
0.3443605
0.3261809
0.2842503
0.331004
0.2898544
0.2752835
0.3444504
0.291889
0.1746253
0.2361115
0.2879922
0.2880346
0.3391002
0.2310336
0.3331281
0.2942194
0.3303964
0.3371579
0.2731915
0.2195431
0.3186158
0.2227105
0.3818654
0.3628622
0.3368379
0.3279101
0.2458186
0.3735539
0.3423192
0.2189267
0.2937008
0.2593952
0.3041313
0.2266352
0.2211173
0.2630439
0.278373
0.2145586
0.3997655
0.3858322
0.3154222
0.5341016
0.2689987
0.1930908
0.2442654
0.1800859
0.2765193
0.3867738
0.4438779
0.2194911
0.2103308
0.3358496
0.2922469
0.3294686
0.2627093
0.2708963
0.2694006
0.3109447
0.219364
0.2507372
0.2790614
0.3230363
0.2307956
0.3051511
0.3140776
0.2295281
0.2563077
0.2731483
0.3511767
0.3032176
0.4045822
0.3091352
0.3174192
0.3161718
0.2421197
0.2532902
0.4211636
0.2559308
0.3428499
0.2300794
0.3061049
0.2464771
0.2931053
0.2854692
0.2257762
0.3097761
0.2313523
0.3103149
0.292208
0.2631305
0.2838954
0.1925031
0.2856785
0.3576267
0.3247841
0.2644956
0.2580633
0.2984192
0.3365866
0.3180379
0.2584323
0.2511874
0.2594973
0.2536562
0.4737759
0.4632642
0.280752
0.2856362
0.3215481
0.2141283
0.2388278
0.3022678
0.2884838
0.2328284
0.3123057
0.3202262
0.3037946
0.254026
0.2044188
0.3334142
0.2642487
0.1760928
0.252818
0.3357339
0.3271327
0.3057215
0.201934
0.2696857
0.213561
0.2487613
0.2699019
0.2407207
0.2445987
0.3645034
0.262873
0.2616591
0.2739259
0.3447269
0.338663
0.452439
0.3139054
0.2502332
0.2884175
0.3749507
0.3290618
0.2826083
0.2341996
0.2502218
0.2705592
0.2587795
0.2658178
0.3948304
0.3520359
0.249776
0.3126745
0.2273847
0.2491628
0.3613997
0.2995913
0.2249884
0.2121298
0.3169058
0.464822
0.3383335
0.3557882
0.2495827
0.2782963
0.3059883
0.326745
0.2648525
0.3556272
0.4345185
0.2489152
0.2715842
0.310397
0.3826148
0.2991814
0.3293278
0.3323504
0.2263691
0.2364738
0.3448623
0.314583
0.2642326
0.2963403
0.3588043
0.2544572
0.2370869
0.2821219
0.2567833
0.3213907
0.2289758
0.202871
0.2848937
0.2413435
0.1947232
0.2816008
0.2236862
0.1921746
0.2470449
0.214837
0.1580432
0.2575042
0.3050836
0.3476218
0.2310222
0.2627355
0.2545141
0.3218559
0.2322146
0.3433834
0.2730583
0.2547901
0.3105942
0.2081138
0.2716848
0.2932677
0.2774899
0.216854
0.3824982
0.2917896
0.2910599
0.3257932
0.3840079
0.3001195
0.3142259
0.2765855
0.2262271
0.2216684
0.281592
0.3946969
0.4177278
0.4455898
0.3260017
0.2539827
0.2770536
0.3355295
0.2660868
0.2072595
0.254404
0.3753837
0.2627236
0.4130797
0.2675676
0.3927161
0.3234485
0.2778925
0.3225273
0.2753054
0.2871308
0.249831
0.2206045
0.2333806
0.3508102
0.2468895
0.2796676
0.3106796
0.2673316
0.3748944
0.1803604
0.2542324
0.2789979
0.2062947
0.2124525
0.2383144
0.3077442
0.290581
0.2979264
0.3248251
0.223613
0.2541468
0.2467229
0.3247611
0.2971817
0.3318582
0.2309057
0.3151763
0.3240962
0.2677891
0.2686877
0.2819815
0.2214296
0.2980774
0.2575341
0.4085982
0.2679629
0.3511325
0.3275028
0.3593014
0.2956331
0.534665
0.3148372
0.2833427
0.2721607
0.2899129
0.277139
0.2585674
0.2847307
0.4330261
0.2509389
0.1840804
0.2585923
0.2909056
0.3228151
0.2801898
0.316518
0.2462255
0.2092115
0.219191
0.2261418
0.2879891
0.2503243
0.2380028
0.3330168
0.2503237
0.2762268
0.2634892
0.3245957
0.2613821
0.22465
0.3584015
0.3040192
0.4039437
0.38315
0.3030398
0.3833567
0.2727596
0.3157859
0.2648267
0.3012646
0.245679
0.2724115
0.2441646
0.2649701
0.3186585
0.3371363
0.2595713
0.2560813
0.2666019
0.2707005
0.3338339
0.3343342
0.2270884
0.2833099
0.2528387
0.344404
0.3220019
0.2939736
0.2792229
0.2396126
0.2402079
0.2512479
0.2321248
0.3111413
0.3004555
0.3609016
0.3656576
0.2629405
0.227109
0.3329838
0.2152932
0.2737382
0.3893074
0.2990224
0.2012746
0.2278655
0.3165613
0.3075092
0.2337778
0.2772039
0.296338
0.2915395
0.3958409
0.3666324
0.232104
0.2825241
0.3865522
0.2718511
0.2480306
0.288739
0.2836338
0.3414869
0.2321473
0.2557749
0.2540786
0.4197102
0.2440541
0.3908255
0.255788
0.3476239
0.2399631
0.2562724
0.280001
0.2743675
0.2124855
0.1947559
0.2550406
0.2106691
0.2502481
0.2611005
0.2378947
0.2485479
0.2733255
0.3481186
0.229242
0.3623779
0.3642055
0.2793839
0.3094463
0.292201
0.4711067
0.3584388
0.3258186
0.3461969
0.2719992
0.4012877
0.2859622
0.2721568
0.3086096
0.3514236
0.3591414
0.3405413
0.270294
0.3235311
0.2937302
0.2970657
0.1897529
0.3138976
0.2343023
0.2614047
0.3626634
0.2887202
0.3249118
0.3104984
0.3503035
0.242684
0.250911
0.2434534
0.2859103
0.2895672
0.2511921
0.3842614
0.2737019
0.2157546
0.2539552
0.1986517
0.2713843
0.3166241
0.2285297
0.2311795
0.2354745
0.3503207
0.3982018
0.2727935
0.2294845
0.3187311
0.2366813
0.3396902
0.2795422
0.180187
0.2370736
0.2974632
0.1944324
0.2298265
0.2428879
0.2911713
0.343134
0.2315405
0.2518393
0.2265337
0.2138355
0.2008238
0.2640989
0.238551
0.3055898
0.2124907
0.2655663
0.3550553
0.2672163
0.2170089
0.2568414
0.277293
0.3055406
0.2342654
0.2074477
0.2835631
0.3652734
0.3700299
0.4480785
0.3340938
0.2395365
0.2438649
0.2072939
0.2651614
0.2625011
0.283997
0.3078709
0.1943873
0.21825
0.3239564
0.1884243
0.3535402
0.3538626
0.2216934
0.2165734
0.3280813
0.2210876
0.210905
0.2629523
0.257288
0.23738
0.2835373
0.3327961
0.3428746
0.2578614
0.3242498
0.2950283
0.2586426
0.259452
0.2928102
0.2778572
0.3229495
0.3562905
0.3207014
0.2885612
0.2276885
0.30869
0.3307086
0.1988014
0.2542739
0.3245714
0.2898558
0.2363363
0.3298498
0.2531567
0.2997307
0.2904612
0.2605438
0.3315477
0.2359597
0.2247205
0.3148269
0.2771561
0.2967798
0.2381353
0.2600297
0.3965099
0.3023448
0.1981155
0.248686
0.245063
0.2727102
0.2797986
0.319558
0.2332296
0.2173593
0.3011424
0.308864
0.3098886
0.3306892
0.253781
0.2681662
0.2012434
0.2360322
0.2161162
0.2114665
0.228225
0.2105253
0.2500823
0.2729679
0.2441855
0.3571771
0.3210167
0.3852121
0.2678618
0.3807261
0.3919529
0.2795573
0.3028462
0.2693891
0.2583518
0.2702674
0.2062277
