4.872425
4.868405
5.106564
4.978241
5.026161
5.057196
5.114416
5.213685
5.163071
5.228192
5.144797
5.212344
5.116681
5.12726
5.337004
5.227563
5.086246
5.018303
4.965442
4.974931
5.033644
5.056775
5.080452
4.971522
5.060384
4.990677
5.032997
5.028796
4.941881
5.03175
5.072528
4.96238
5.187408
5.088915
5.039333
4.906629
4.971894
5.17102
5.04607
5.147759
5.046673
4.879786
5.194049
5.033297
5.169283
5.004983
4.954434
5.160009
5.003886
5.065353
5.13301
5.089269
4.900885
5.017642
4.914971
4.892653
4.956959
4.680345
4.946484
4.954577
4.886657
4.925134
4.90675
5.020961
4.997361
5.058585
5.029269
4.986082
5.091121
5.043577
5.01249
4.901825
5.017746
5.184226
5.115999
5.171017
5.104631
5.046165
5.074845
4.952722
4.835645
4.990202
5.082109
5.161638
5.004156
5.176554
5.125194
5.15899
5.156789
5.096556
5.152009
5.074503
5.070034
4.975408
5.057442
5.099313
5.087785
5.052618
5.032944
5.012174
5.20917
4.96944
5.164985
5.016599
5.175892
5.13497
5.144536
5.240836
5.031707
5.106894
5.022293
4.987623
5.066763
5.19226
5.136066
5.209737
4.989105
5.127924
5.12609
5.028984
5.025313
4.939006
5.001568
4.966517
4.991894
5.070437
5.115212
4.909394
5.112828
5.04531
4.968365
5.094239
5.029309
5.031983
4.966963
5.026732
4.981987
5.129353
5.006029
4.946712
4.898711
5.027614
4.925381
4.867771
4.984195
4.997898
4.87669
4.828824
4.878357
5.026205
5.062202
4.966322
4.892199
5.064209
4.98803
5.006347
4.872387
5.054916
4.965705
4.829652
4.977702
5.074712
5.016179
5.09141
5.060047
5.011579
5.008921
4.992633
5.054099
5.047065
4.984986
4.995261
5.044015
5.134136
5.154786
5.033915
5.012194
5.022761
5.009986
5.06788
5.171647
5.222008
4.991828
5.043321
5.118572
4.907339
5.082109
5.057801
5.0822
5.025165
5.112155
5.118711
5.134011
5.060136
4.96434
4.903697
4.961124
4.955781
4.905175
4.928746
4.945511
4.85802
4.805242
4.874811
4.923678
5.065234
5.0263
4.851942
5.025679
5.173191
4.906232
5.000745
4.997858
4.85718
5.051182
5.189591
4.960286
4.878574
5.081003
5.095972
5.087341
5.106125
5.004893
4.985237
4.915683
4.981904
5.022245
5.049947
5.064363
4.982148
4.914146
4.986926
4.718375
4.655599
4.730061
4.938804
4.911445
4.805215
4.898821
4.905297
5.057778
5.120769
5.029705
4.933825
4.940644
5.00813
5.118195
5.211887
5.044616
5.043839
4.928565
5.036511
5.127823
5.089141
4.893354
4.904212
5.084395
5.020239
5.087198
5.147985
5.081016
5.098656
5.148057
5.124332
5.039406
5.124018
4.936891
5.000274
5.167474
5.054805
4.956032
5.11912
4.943945
4.988941
5.063988
4.951192
4.803539
4.959373
4.982003
4.880018
4.967496
5.09091
5.101204
5.024179
4.998162
5.014206
4.985284
5.043848
4.954555
5.07888
5.001307
5.123937
5.016719
5.046926
5.101514
5.144477
5.06717
5.091988
5.005854
5.000741
4.941961
5.047543
5.073294
5.00262
5.043012
5.046143
5.017509
5.238399
4.992701
4.947201
5.022113
5.036014
4.974296
4.971781
5.054678
4.882857
5.050737
4.979112
5.101317
5.006638
5.039268
5.118331
5.034324
5.177688
5.141663
5.07913
4.941629
5.039734
5.000656
5.033912
4.944032
4.947525
5.13974
5.001171
4.856902
5.009746
5.152287
5.213779
5.039701
5.137383
5.094282
5.040991
5.200312
5.156716
5.055085
5.135552
5.08026
5.030405
4.968736
4.95986
5.148194
4.889659
4.983174
4.96606
5.089854
5.23076
5.258394
5.162775
5.125182
4.987722
4.863878
4.875857
4.969231
5.009999
5.194247
5.030422
4.984911
4.967362
4.876201
4.974574
5.035379
5.037301
5.061628
5.018002
4.985816
5.088633
5.119361
5.227631
5.054263
4.880728
5.009847
4.945789
5.044088
5.040541
4.936879
4.965364
5.16982
5.097246
5.061758
5.131351
4.974133
4.980097
5.191193
4.956405
4.840615
4.821272
4.94754
4.904873
5.089098
4.898824
4.954514
5.117891
5.045097
5.010498
5.062976
4.882101
4.929263
4.900159
4.959512
4.935549
4.898425
4.987666
5.169501
5.071156
5.077336
5.027804
5.00322
4.983337
4.89445
4.998974
4.971011
5.020216
4.97982
5.04165
4.960642
5.06712
5.134426
4.998284
5.079128
5.119555
5.138774
5.085127
5.135252
5.136162
5.152984
5.020653
5.028093
5.123631
5.126155
5.055882
5.156159
5.07439
4.947086
5.168817
5.117216
4.923112
4.940122
5.065862
5.04306
5.114962
5.16202
5.011574
5.055928
5.127279
4.971845
5.165356
5.022912
5.11905
5.062114
4.995399
4.913974
4.884627
4.795168
4.897341
5.025164
5.045891
5.053473
5.022696
4.965633
5.060936
5.103484
5.169863
5.195263
5.149397
5.08436
4.956543
5.059385
4.904267
4.952245
4.974148
4.970418
5.079409
4.987365
5.12342
5.043762
5.194609
5.167781
5.248307
4.905853
5.12074
5.098255
5.14291
4.925443
4.879003
4.927328
4.929223
4.894589
5.049335
5.054742
5.11232
5.15003
5.002433
5.041104
4.706209
4.891655
4.985533
5.066698
5.095848
4.984295
4.849982
4.869502
4.890793
4.922152
4.754559
4.970676
5.113762
4.938959
4.959974
4.944543
4.982588
4.971893
5.18492
4.988704
4.927063
4.937791
5.037253
5.116332
5.138271
5.146145
5.067561
5.103751
4.971563
5.073112
5.035804
4.990162
5.07247
5.154763
4.85717
4.939324
5.138804
5.078934
4.978085
4.771189
4.934241
4.916744
5.02148
4.977004
4.966135
4.881989
5.029653
4.90986
5.029641
5.237841
5.090277
5.139749
5.067682
5.151352
4.931679
5.074965
4.984556
5.087547
5.00774
5.072948
4.973507
4.853893
5.172618
5.085433
5.036511
4.895011
5.093954
5.069761
5.262517
5.333609
5.06158
5.03961
5.064121
4.921362
5.206073
5.207075
4.938437
4.81412
4.863217
4.939869
5.057207
5.091471
5.096251
5.036689
5.135467
4.993607
5.046889
5.015671
5.050663
4.848023
5.092165
5.110864
5.044299
5.166462
5.02416
4.97491
5.018487
5.04941
4.953864
5.024496
4.945882
4.950939
4.95579
4.989617
5.021935
4.979626
5.071003
5.022819
4.965954
5.060362
5.191918
5.019688
5.106858
4.981701
5.013214
5.015435
4.888567
4.94905
4.82701
5.16851
4.953598
4.9407
5.046889
5.017866
5.109032
5.028283
5.143016
5.124576
5.145755
5.089741
5.052202
5.102153
4.875695
5.166804
5.14577
5.079746
5.208442
5.240934
4.977173
4.937554
5.015638
5.049242
5.210628
5.019741
5.114688
5.104729
5.178269
5.011099
4.964453
5.054976
4.939875
5.13035
5.005092
5.120235
5.114237
5.250615
4.987369
5.116543
5.071392
5.097035
5.053044
4.886045
4.937188
5.062989
5.064026
4.967736
5.040657
4.97127
5.052033
5.077089
5.146892
5.083995
5.061946
5.241758
5.220803
5.093212
5.058671
5.058505
5.168997
5.1286
5.233186
5.223725
5.040527
5.156005
5.168324
4.932301
5.042646
5.123042
5.328696
5.23801
5.228694
4.99755
5.136857
5.026693
5.016972
5.08198
4.956021
5.013911
4.956265
4.82403
4.961546
4.901205
5.039507
5.04755
4.989853
5.146582
5.068655
5.045121
5.037654
5.117795
5.257891
4.833384
4.884226
5.03291
4.921949
4.953148
5.078365
4.977316
4.885511
5.040199
5.06851
4.873807
4.957472
5.150183
5.132447
5.125271
5.183097
5.271299
5.138381
5.01894
5.044629
4.977453
5.055291
5.050064
4.954798
4.963228
5.095019
5.056493
5.143414
5.010964
5.131994
5.023301
4.954775
5.060589
4.992698
5.026484
4.938346
5.040015
5.005809
4.909184
5.03565
4.973996
4.947124
4.967647
5.048033
4.990375
4.925505
4.89957
4.957046
5.090091
5.218139
5.146884
5.186133
5.103571
5.014757
5.118704
5.108636
5.137105
5.054935
5.073886
5.154413
5.056813
4.89938
4.908542
4.947252
4.813233
4.894158
5.040487
4.977103
5.076211
4.974354
4.942112
4.899818
5.029624
4.993126
4.942209
5.02189
5.082187
5.118713
5.077489
5.119704
4.9213
5.028465
5.075364
5.037747
5.013089
4.880365
4.834233
4.853016
5.018103
5.144966
5.099365
5.076019
4.977923
5.109124
4.879655
4.945829
5.098303
5.152756
4.994749
4.940004
4.948199
5.169342
5.2141
5.068607
5.019583
5.163282
5.099084
4.983036
4.99814
4.89844
4.886868
4.992665
4.942351
5.186359
5.11428
5.103609
5.047068
4.971754
5.185351
5.024039
5.083698
5.095523
5.163102
5.194057
5.24688
4.983841
4.971425
4.886955
5.017328
4.980049
5.057712
4.838558
5.036255
5.013049
4.837623
4.977195
5.099828
4.975193
5.071755
4.98093
4.838864
4.847155
4.956421
4.91397
5.001543
4.990479
4.846234
4.782653
4.881854
4.946842
5.091289
5.067538
4.981072
4.960676
4.875256
4.963385
4.980879
5.103814
5.041469
5.1667
5.153438
5.12219
5.033295
5.038509
5.055128
4.932572
5.033976
5.02434
5.0864
5.053421
5.070095
4.992553
4.969785
4.862507
5.047485
5.163212
4.976903
5.023095
5.002496
5.136553
4.911302
5.07214
5.076436
5.043073
4.878042
4.884862
5.118758
5.099418
5.040487
5.215453
5.030363
4.979001
5.034763
4.903945
5.000083
4.976503
4.907968
5.031475
5.040441
5.03791
4.990405
5.179497
5.10587
5.020632
5.007528
4.959932
5.029853
5.067567
5.116155
4.924194
5.002926
5.070448
4.998268
5.128289
4.795107
4.870821
4.952516
5.208424
5.193822
4.927994
5.044061
5.151284
4.98266
4.946031
5.009881
5.032637
5.132615
5.078506
4.956601
5.034067
5.144913
5.202291
5.127288
5.184251
4.985963
4.878824
5.047057
4.927788
4.837653
5.176774
5.094963
5.08686
5.107802
4.911649
4.991743
4.908041
5.005708
4.890475
5.057173
4.958998
5.146019
4.99011
4.968693
5.018187
5.045388
5.171223
5.010612
4.863209
4.888013
4.992265
5.082316
5.118619
5.070263
5.101729
5.16618
5.188497
5.167276
5.091424
5.073375
4.973421
4.942006
4.997063
5.139808
5.172206
5.072735
5.112341
5.102587
5.009212
5.004701
5.088678
5.046591
5.0398
4.9955
5.043825
4.972674
4.96321
